hex
0
0
0
0
0
0
0
8000
0
10000
0
18000
0
20000
0
28000
0
30000
0
38000
0
40000
0
48000
0
50000
0
58000
0
60000
3f800000
b80000
0
0
3f800000
8000
0
10000
3f800000
0
0
0
0
0
0
8000
3f7fffff
eb000000
bf7fffff
eb000000
0
8000
0
10000
0
18000
0
20000
0
28000
0
30000
0
38000
0
40000
0
48000
0
0
0
8000
0
10000
0
18000
0
20000
0
28000
0
0
0
0
0
8000
0
0
0
0
0
0
0
0
0
0
0
0
0
8000
0
10000
0
18000
0
20000
0
28000
0
30000
0
38000
0
40000
0
48000
0
0
0
8000
0
10000
0
18000
0
20000
0
28000
0
0
0
0
0
8000
0
0
0
0
0
0
0
0
0
0
0
0
0
8000
0
10000
0
18000
0
20000
0
28000
0
30000
0
38000
0
40000
0
48000
0
0
0
8000
0
10000
0
18000
0
20000
0
28000
0
0
0
0
0
8000
0
0
0
0
0
0
0
0
0
0
0
0
0
8000
3f7fffe9
92010000
0
18000
0
20000
0
28000
0
30000
0
38000
0
40000
0
48000
0
50000
0
58000
358984a0
5ed80000
b58984a0
5ed88000
0
0
0
8000
0
10000
0
0
0
8000
0
10000
bf7fffff
eb000000
0
0
bf7fffff
eb000000
0
0
0
0
0
0
0
0
0
0
0
8000
0
10000
0
18000
0
0
0
8000
0
10000
0
0
0
8000
3f800000
10000
0
18000
bf800000
10000
0
0
0
8000
0
10000
0
18000
3f800000
b80000
3f800000
8000
3f800000
0
3f800000
0
0
0
0
0
0
8000
0
10000
0
18000
0
20000
0
28000
0
30000
0
38000
0
40000
0
48000
0
0
0
8000
0
10000
0
18000
0
20000
0
28000
0
0
0
0
0
8000
0
0
0
0
0
0
0
0
0
0
0
0
0
0
0
0
0
0
0
8000
0
10000
0
18000
0
0
0
8000
0
10000
0
0
0
8000
3f800000
10000
0
18000
bf800000
10000
0
0
0
8000
0
10000
0
18000
3f800000
b80000
3f800000
8000
bf800000
0
3f800000
0
0
0
0
0
0
8000
3f7fffe9
92010000
0
18000
0
20000
0
28000
0
30000
0
38000
0
40000
0
48000
0
50000
0
58000
358984a0
5ed80000
b58984a0
5ed88000
0
0
0
8000
0
10000
bf7fffff
eb000000
0
8000
0
10000
0
0
bf7fffff
eb000000
0
0
0
0
0
0
0
8000
0
10000
0
18000
0
20000
0
28000
0
30000
0
38000
0
40000
0
48000
0
0
0
8000
0
10000
0
18000
0
20000
0
28000
0
0
0
0
0
8000
0
0
0
0
0
0
0
0
0
0
3f800000
18000
0
0
0
0
0
8000
0
10000
bf800000
18000
0
20000
0
28000
0
30000
0
38000
0
40000
0
48000
0
50000
0
58000
0
60000
0
0
0
8000
0
10000
0
0
3f800000
b80000
3f800000
8000
3f800000
0
0
0
3f7fffff
eb000000
358984a0
63000000
0
8000
0
10000
bf7fffe9
a4018000
0
20000
b58984a0
63d80000
358984a0
63d90000
0
0
0
8000
0
10000
0
0
0
8000
0
10000
0
18000
0
0
0
0
0
8000
0
10000
0
18000
3f800000
18000
0
0
bf800000
18000
0
0
3f800000
b80000
3f800000
8000
3f800000
0
0
0
bf7fffff
eb000000
0
0
0
0
0
8000
0
10000
0
18000
0
20000
0
28000
0
0
0
8000
0
10000
3f800000
18000
0
20000
0
28000
0
30000
0
0
0
8000
bf800000
18000
0
0
0
0
3f800000
b80000
3f800000
8000
3f800000
0
3f7fffff
eb000000
0
0
bf7fffff
eb000000
0
0
bf7fffff
eb000000
0
8000
0
10000
0
18000
0
0
0
8000
0
10000
0
18000
0
20000
0
28000
0
30000
0
38000
3f800000
18000
3f800000
10000
0
0
3f800000
b80000
3f800000
8000
0
0
3f800000
0
3f7feb6a
7008000
3f7fffff
eb000000
39a4af1e
c1000000
3f7feb6a
1c008000
3452ce79
b0010000
3452ce79
b0018000
0
20000
0
28000
29c952a6
9ad80000
a94952a6
9ad88000
a94952a6
9ad90000
b5375b80
84000000
3f7fffe9
a5010000
afeab28c
9c018000
35375b80
84d80000
b5b75b80
85d88000
35375b80
85d90000
bf7fffff
fc000000
0
8000
baa3d703
16010000
baa3d703
16018000
0
20000
0
28000
0
30000
0
38000
0
40000
0
48000
0
50000
0
58000
0
60000
b06ab293
70d80000
2feab293
70d88000
2feab293
70d90000
b58984a0
63000000
0
8000
0
10000
3f7fffe9
a4018000
0
20000
358984a0
63d88000
b58984a0
63d90000
358984a0
63000000
0
8000
0
10000
bf7fffe9
a4018000
0
20000
b58984a0
63d88000
358984a0
63d90000
0
0
0
0
0
8000
0
10000
0
18000
0
0
0
0
3f800000
18000
bf800000
18000
0
0
0
0
3f800000
b80000
3f800000
8000
3f800000
0
bf7fffff
fc000000
0
8000
3aa3d703
16010000
0
18000
0
20000
2feab293
70d80000
b06ab293
70d88000
2feab293
70d90000
0
0
bf800000
10000
bf800000
18000
0
0
0
8000
0
10000
0
0
0
8000
0
0
0
8000
0
0
0
8000
0
10000
0
0
3f800000
18000
3f800000
10000
0
0
3f800000
b80000
3f800000
8000
bf800000
0
3f800000
0
b5b75b80
84000000
0
8000
0
10000
3f7fffe9
a4018000
0
20000
35375b80
84d80000
35375b80
84d88000
b5b75b80
84d90000
0
0
bf800000
10000
bf800000
18000
0
0
0
8000
0
10000
0
0
0
8000
0
0
0
8000
0
0
0
8000
0
10000
0
0
3f800000
18000
3f800000
10000
3f800000
b80000
3f800000
8000
0
0
3f800000
0
3f7feb6a
1c008000
0
0
0
8000
0
10000
0
18000
0
20000
0
28000
0
30000
0
38000
0
40000
0
48000
0
0
0
8000
0
10000
0
18000
0
20000
0
28000
0
0
0
0
0
8000
0
0
0
0
0
0
0
0
0
0
b58984a0
63000000
0
8000
0
10000
bf7fffe9
a4018000
0
20000
b58984a0
63d80000
358984a0
63d90000
0
0
0
8000
0
10000
0
0
0
8000
0
10000
0
18000
0
0
0
0
0
8000
0
10000
0
18000
3f800000
18000
0
0
bf800000
18000
0
0
3f800000
b80000
3f800000
8000
3f800000
0
0
0
3f800000
18000
0
0
0
0
0
8000
0
10000
bf800000
18000
0
20000
0
28000
0
30000
0
38000
0
40000
0
48000
0
50000
0
58000
0
60000
0
0
0
8000
0
10000
0
0
3f800000
b80000
3f800000
8000
3f800000
0
0
0
3f7fffff
eb000000
358984a0
63000000
0
8000
0
10000
3f7fffe9
a4018000
0
20000
358984a0
63d88000
b58984a0
63d90000
b58984a0
63000000
0
8000
0
10000
bf7fffe9
a4018000
0
20000
b58984a0
63d88000
358984a0
63d90000
0
0
0
0
0
8000
0
10000
0
18000
0
0
0
0
3f800000
18000
bf800000
18000
0
0
0
0
3f800000
b80000
3f800000
8000
3f800000
0
bf7fffff
fc000000
0
8000
0
10000
3aa3d703
16018000
0
20000
2feab293
70d80000
2feab293
70d88000
b06ab293
70d90000
0
0
bf800000
10000
bf800000
18000
0
0
0
8000
0
10000
0
0
0
8000
0
0
0
8000
0
0
0
8000
0
10000
0
0
3f800000
18000
3f800000
10000
3f800000
b80000
3f800000
8000
0
0
3f800000
0
3f7feb6a
1c008000
b5b75b80
84000000
0
8000
3f7fffe9
a4010000
0
18000
0
20000
35375b80
84d80000
b5b75b80
84d88000
35375b80
84d90000
0
0
bf800000
10000
bf800000
18000
0
0
0
8000
0
10000
0
0
0
8000
0
0
0
8000
0
0
0
8000
0
10000
0
0
3f800000
18000
3f800000
10000
0
0
3f800000
b80000
3f800000
8000
3f800000
0
3f800000
0
0
0
0
0
0
0
0
8000
0
10000
0
18000
0
20000
0
28000
0
0
0
8000
0
10000
3f800000
18000
0
20000
0
28000
0
30000
0
0
0
8000
bf800000
18000
0
0
0
0
3f800000
b80000
3f800000
8000
3f800000
0
3f7fffff
eb000000
b9a4af1e
c1000000
3f7feb6a
1c008000
3452ce79
b0010000
3452ce79
b0018000
0
20000
0
28000
29c952a6
9ad80000
a94952a6
9ad88000
a94952a6
9ad90000
bf7fffff
fc000000
3aa3d703
16010000
3aa3d703
16018000
306ab293
70d80000
afeab293
70d88000
afeab293
70d90000
35375b80
84000000
0
8000
3f7fffe9
a5010000
afeab28c
9c018000
0
20000
0
28000
0
30000
0
38000
0
40000
0
48000
0
50000
0
58000
0
60000
35375b80
84d80000
b5b75b80
85d88000
35375b80
85d90000
bf7fffff
eb000000
0
0
bf7fffff
eb000000
0
0
0
8000
0
10000
0
18000
0
0
0
8000
0
10000
0
18000
0
20000
0
28000
0
30000
0
38000
3f800000
18000
3f800000
10000
0
0
3f800000
b80000
3f800000
8000
0
0
3f800000
0
3f7feb6a
7008000
3f7fffff
eb000000
0
0
0
0
0
0
0
0
0
8000
0
10000
0
18000
0
0
0
8000
0
10000
0
18000
0
20000
0
28000
0
30000
0
38000
3f800000
18000
3f800000
10000
0
0
3f800000
b80000
3f800000
8000
0
0
0
0
3f7feb6a
1c008000
0
0
0
0
0
0
0
0
0
8000
0
10000
0
18000
0
20000
0
28000
0
30000
0
38000
0
40000
0
48000
0
50000
0
58000
0
60000
3f800000
b80000
0
0
3f800000
8000
0
10000
3f800000
b80000
0
0
0
0
0
8000
3f800000
b80000
0
0
0
8000
0
10000
0
18000
0
20000
0
28000
0
30000
0
38000
0
40000
bf800000
b80000
0
0
0
8000
0
10000
0
18000
0
20000
0
28000
39d1b717
59b80000
0
0
0
8000
0
0
0
0
0
0
0
0
0
0
0
0
0
8000
0
10000
0
18000
0
20000
0
28000
0
30000
0
38000
0
40000
0
48000
0
0
0
8000
0
10000
0
18000
0
20000
0
28000
39d1b717
59b80000
0
0
0
8000
0
0
0
0
0
0
0
0
0
0
0
0
0
8000
0
10000
0
18000
0
20000
0
28000
0
30000
0
38000
0
40000
0
48000
0
0
0
8000
0
10000
0
18000
0
20000
0
28000
39d1b717
59b80000
0
0
0
8000
0
0
0
0
0
0
0
0
0
0
0
0
0
8000
3f7fffe9
a7010000
0
18000
0
20000
0
28000
0
30000
0
38000
0
40000
0
48000
0
50000
0
58000
358984a0
64d80000
b58984a0
64d88000
0
0
0
8000
0
10000
0
0
0
8000
0
10000
bf800000
b80000
0
0
bf800000
b80000
39d1b717
59b80000
0
0
0
0
3f800000
10000
0
0
0
8000
bf800000
10000
0
18000
0
20000
0
28000
0
30000
0
38000
0
40000
0
48000
0
50000
0
58000
0
0
0
0
0
8000
3f800000
b80000
3f800000
8000
3f800000
b80000
3f800000
b80000
0
0
3f800000
b80000
0
0
0
8000
0
10000
0
18000
0
20000
0
28000
0
30000
0
38000
0
40000
0
48000
0
0
0
8000
0
10000
0
18000
0
20000
0
28000
39d1b717
59b80000
0
0
0
8000
0
0
0
0
0
0
0
0
0
0
bf800000
b80000
0
0
3f800000
10000
0
0
0
8000
bf800000
10000
0
18000
0
20000
0
28000
0
30000
0
38000
0
40000
0
48000
0
50000
0
58000
0
0
0
0
0
8000
3f800000
b80000
3f800000
8000
bf800000
b80000
3f800000
b80000
0
0
3f800000
b80000
0
0
0
8000
3f7fffe9
a7010000
0
18000
0
20000
0
28000
0
30000
0
38000
0
40000
0
48000
0
50000
0
58000
358984a0
64d80000
b58984a0
64d88000
0
0
0
8000
0
10000
0
0
0
8000
bf800000
b80000
0
0
bf800000
b80000
0
0
39d1b717
59b80000
0
0
0
8000
0
10000
0
18000
0
20000
0
28000
0
30000
0
38000
0
40000
0
48000
0
0
0
8000
0
10000
0
18000
0
20000
0
28000
39d1b717
59b80000
0
0
0
8000
0
0
0
0
0
0
0
0
0
0
3f800000
18000
0
0
0
0
0
8000
0
10000
bf800000
18000
0
20000
0
28000
0
30000
0
38000
0
40000
0
48000
0
50000
0
58000
0
60000
0
0
0
8000
0
10000
0
0
3f800000
b80000
3f800000
8000
3f800000
b80000
0
0
3f800000
b80000
0
0
3f800000
18000
0
0
0
0
0
8000
0
10000
bf800000
18000
0
0
0
8000
0
10000
0
18000
0
20000
0
28000
0
30000
0
38000
0
40000
0
48000
3f800000
b80000
0
0
3f800000
8000
0
10000
3f800000
b80000
0
0
3f800000
b80000
bf800000
b80000
0
0
0
0
0
8000
0
10000
0
18000
0
20000
39d1b717
59b80000
0
0
0
8000
0
10000
3f800000
18000
0
20000
0
28000
0
30000
0
0
0
8000
bf800000
18000
0
0
0
0
3f800000
b80000
3f800000
8000
3f800000
b80000
3f800000
b80000
0
0
bf800000
b80000
0
0
0
0
0
8000
0
10000
bf800000
b80000
0
0
0
8000
0
10000
0
18000
0
20000
0
28000
0
30000
39d1b717
59b80000
3f800000
18000
3f800000
10000
0
0
3f800000
b80000
3f800000
8000
0
0
3f800000
b80000
3f7feb6a
1c008000
3f800000
b80000
3f7feb6a
1c008000
39a4af1e
c2b80000
0
0
bf800000
b80000
0
0
0
8000
0
10000
0
18000
bf800000
b80000
0
0
0
8000
bf800000
b80000
0
0
0
8000
0
10000
0
18000
0
20000
3f800000
18000
0
0
3f800000
10000
3f800000
b80000
3f800000
8000
3f800000
b80000
3f800000
b80000
3f800000
b80000
0
0
bf800000
b80000
bf800000
b80000
0
0
0
8000
0
10000
0
18000
0
0
0
8000
0
10000
0
18000
0
0
0
8000
0
10000
3f800000
18000
0
20000
0
0
bf800000
18000
0
0
0
0
3f800000
b80000
3f800000
8000
3f800000
b80000
3f800000
b80000
0
0
bf800000
b80000
bf800000
b80000
0
0
0
0
0
8000
0
10000
0
18000
bf800000
b80000
0
0
0
8000
0
10000
3f800000
18000
0
20000
0
28000
0
0
0
8000
3f800000
10000
0
18000
3f800000
b80000
3f800000
8000
bf800000
b80000
3f800000
b80000
3f800000
b80000
bf800000
b80000
bf800000
b80000
0
0
bf800000
b80000
0
0
0
8000
0
10000
0
18000
3f800000
18000
0
0
0
8000
3f800000
10000
0
18000
0
20000
0
28000
0
30000
0
38000
0
0
3f800000
b80000
3f800000
8000
0
0
3f800000
b80000
3f7feb6a
1c008000
3f800000
b80000
0
0
0
8000
0
10000
0
18000
0
20000
0
28000
0
30000
0
38000
0
40000
0
48000
0
0
0
8000
0
10000
0
18000
0
20000
0
28000
39d1b717
59b80000
0
0
0
8000
0
0
0
0
0
0
0
0
0
0
bf800000
b80000
3f800000
18000
0
0
0
0
0
8000
0
10000
bf800000
18000
0
0
0
8000
0
10000
0
18000
0
20000
0
28000
0
30000
0
38000
0
40000
0
48000
3f800000
b80000
0
0
3f800000
8000
0
10000
3f800000
b80000
0
0
3f800000
b80000
3f800000
18000
0
0
0
0
0
8000
0
10000
bf800000
18000
0
20000
0
28000
0
30000
0
38000
0
40000
0
48000
0
50000
0
58000
0
60000
0
0
0
8000
0
10000
0
0
3f800000
b80000
3f800000
8000
3f800000
b80000
0
0
3f800000
b80000
bf800000
b80000
0
0
0
0
0
0
0
8000
0
10000
bf800000
b80000
0
0
0
8000
0
10000
0
18000
0
0
0
8000
0
10000
3f800000
18000
0
20000
0
0
bf800000
18000
0
0
0
0
3f800000
b80000
3f800000
8000
3f800000
b80000
3f800000
b80000
0
0
0
0
bf800000
b80000
0
0
0
0
0
8000
0
10000
bf800000
b80000
3f800000
18000
0
0
0
8000
3f800000
10000
0
18000
0
20000
0
28000
0
30000
0
38000
0
0
3f800000
b80000
3f800000
8000
0
0
3f800000
b80000
3f7feb6a
1c008000
3f800000
b80000
bf800000
b80000
0
0
0
0
bf800000
b80000
0
0
0
8000
0
10000
bf800000
b80000
0
0
0
0
0
8000
0
10000
3f800000
18000
0
20000
0
28000
0
0
0
8000
3f800000
10000
0
18000
3f800000
b80000
3f800000
8000
3f800000
b80000
3f800000
b80000
3f800000
b80000
0
0
0
0
0
0
0
8000
0
10000
0
18000
0
20000
39d1b717
59b80000
0
0
0
8000
0
10000
3f800000
18000
0
20000
0
28000
0
30000
0
0
0
8000
bf800000
18000
0
0
0
0
3f800000
b80000
3f800000
8000
3f800000
b80000
3f800000
b80000
3f7feb6a
1c008000
b9a4af1e
c2b80000
bf800000
b80000
0
0
0
0
0
8000
0
10000
bf800000
b80000
0
0
0
0
0
8000
0
10000
0
0
0
8000
0
10000
0
18000
bf800000
b80000
3f800000
18000
0
0
3f800000
10000
3f800000
b80000
3f800000
8000
bf800000
b80000
3f800000
b80000
3f800000
b80000
bf800000
b80000
0
0
bf800000
b80000
0
0
0
8000
0
10000
0
18000
0
0
0
8000
0
10000
0
18000
0
20000
0
28000
0
30000
39d1b717
59b80000
3f800000
18000
3f800000
10000
0
0
3f800000
b80000
3f800000
8000
0
0
3f800000
b80000
3f7feb6a
1c008000
3f800000
b80000
0
0
0
0
0
0
0
0
0
8000
0
10000
0
18000
0
0
0
8000
0
10000
0
18000
0
20000
0
28000
0
30000
39d1b717
59b80000
3f800000
18000
3f800000
10000
0
0
3f800000
b80000
3f800000
8000
0
0
3f800000
b80000
3f7feb6a
1c008000
3f800000
b80000
0
0
0
0
0
0
0
0
0
0
0
0
0
0
0
0
0
0
0
0
0
0
0
0
0
0
0
0
0
0
