int
1067
1063
1028
1577
1044
1600
1568
1536
1080
1076
1072
1068
1573
1610
1059
1055
1541
1606
1051
1043
1039
1546
1035
3075
1052
1048
1040
1036
1032
1024
1609
1030
1045
1543
1577
1601
1569
1545
1606
1539
1083
1574
1079
1075
1071
1067
1063
3107
1052
1048
1040
1036
1032
1024
1605
1610
1045
1543
1573
1601
1569
1545
1578
1539
1083
1030
1079
1075
1071
1067
1063
3107
1052
1048
1040
1036
1032
1024
1609
1542
1545
1571
1045
1601
1577
1573
1606
1539
1083
1030
1079
1075
1071
1067
1063
3107
1076
1072
1068
1064
1052
1048
1044
1040
1036
1028
1024
1537
1606
1035
1057
1610
1603
1569
1062
1579
1575
1547
1543
3131
1603
1579
1543
1544
1061
1610
1083
1024
1057
1079
1606
1536
1573
1075
1071
1032
1569
1030
1067
1055
1051
1047
1043
3087
1052
1048
1040
1036
1032
1024
1605
1610
1541
1571
1045
1601
1577
1573
1030
1539
1083
1546
1079
1075
1071
1067
1063
3107
1603
1575
1547
1024
1061
1610
1083
1540
1577
1079
1606
1536
1057
1075
1071
1032
1569
1030
1067
1055
1051
1047
1043
3087
1076
1072
1068
1064
1052
1048
1044
1040
1036
1028
1024
1537
1610
1035
1057
1606
1603
1569
1062
1579
1575
1547
1543
3131
1052
1048
1040
1036
1032
1024
1577
1030
1045
1571
1545
1609
1605
1601
1574
1539
1083
1542
1079
1075
1071
1067
1063
3107
1079
1075
1056
1065
1030
1044
1608
1604
1568
1544
1540
1080
1601
1574
1071
1577
1538
1063
1037
1055
1051
1043
1035
3075
0
0
0
1544
1025
1030
1059
1064
1605
1611
1574
1536
1601
1571
1543
1044
1037
1578
1083
1079
1075
1071
1063
1055
1051
1043
3083
1575
1539
1568
1045
1030
1544
1601
1083
1064
1608
1604
1576
1033
1542
1079
1037
1062
1075
1071
1059
1055
1051
1043
3075
1579
1575
1547
1060
1033
1538
1543
1568
1601
1068
1608
1604
1065
1058
1083
1079
1075
1038
1055
1051
1047
1043
1031
3075
0
0
0
0
0
1544
1601
1026
1031
0
0
1060
1065
1038
1035
1070
1610
1536
1573
1578
1542
1082
1078
1056
1569
1074
1054
1050
1046
1042
3655
0
0
0
1064
1045
1030
1039
1568
1605
0
1546
1060
1601
1035
1611
1024
1577
1542
1575
1539
1083
1079
1075
1071
1059
1055
1051
3091
0
0
0
0
1576
1065
1058
1543
0
1060
1071
1029
1038
1611
1568
1575
1025
1547
1602
1032
1083
1605
1079
1075
1538
1055
1051
1047
3091
0
0
0
0
1600
1537
1570
1039
0
1576
1071
1057
1034
1611
1064
1575
1025
1543
1062
1544
1083
1605
1079
1075
1055
1051
1047
1043
3079
1052
1048
1040
1036
1032
1024
1573
1578
1045
1571
1541
1609
1605
1601
1546
1539
1083
1030
1079
1075
1071
1067
1063
3107
0
0
0
1064
1609
1030
1059
1540
1025
1607
1574
1536
1601
1571
1547
1044
1037
1578
1083
1079
1075
1071
1063
1055
1051
1043
3083
1079
1075
1056
1065
1030
1044
1608
1604
1568
1544
1540
1080
1601
1578
1071
1573
1538
1063
1037
1055
1051
1043
1035
3075
0
0
0
1572
1609
1030
1039
1568
1045
0
1546
1060
1601
1035
1607
1024
1065
1542
1579
1539
1083
1079
1075
1071
1059
1055
1051
3091
0
0
0
0
1600
1537
1570
1543
0
1064
1071
1057
1034
1607
1572
1579
1609
1547
1062
1036
1083
1025
1079
1075
1055
1051
1047
1043
3079
0
0
0
0
1060
1065
1058
1035
0
1572
1071
1029
1038
1607
1568
1579
1609
1543
1602
1544
1083
1025
1079
1075
1538
1055
1051
1047
3091
1575
1539
1568
1045
1030
1540
1601
1083
1064
1608
1604
1576
1033
1546
1079
1037
1062
1075
1071
1059
1055
1051
1043
3075
0
0
0
0
0
1060
1601
1026
1031
0
0
1540
1577
1038
1611
1070
1606
1536
1065
1574
1546
1082
1078
1056
1569
1074
1054
1050
1046
1042
3083
1579
1575
1547
1060
1033
1538
1543
1568
1601
1068
1608
1604
1065
1058
1083
1079
1075
1038
1055
1051
1047
1043
1031
3075
1579
1575
1547
1060
1033
1538
1543
1568
1601
1068
1608
1604
1065
1058
1083
1079
1075
1038
1055
1051
1047
1043
1031
3075
1067
1063
1028
1577
1044
1600
1568
1536
1080
1076
1072
1068
1573
1610
1059
1055
1541
1606
1051
1043
1039
1546
1035
3075
1052
1048
1040
1036
1032
1024
1609
1030
1045
1543
1577
1601
1569
1545
1606
1539
1083
1574
1079
1075
1071
1067
1063
3107
1052
1048
1040
1036
1032
1024
1605
1610
1045
1543
1573
1601
1569
1545
1578
1539
1083
1030
1079
1075
1071
1067
1063
3107
1052
1048
1040
1036
1032
1024
1609
1542
1545
1571
1045
1601
1577
1573
1606
1539
1083
1030
1079
1075
1071
1067
1063
3107
1076
1072
1068
1064
1052
1048
1044
1040
1036
1028
1024
1537
1606
1035
1057
1610
1603
1569
1062
1579
1575
1547
1543
3131
1543
1079
1075
1032
1537
1028
1610
1080
1600
1576
1572
1544
1057
1606
1071
1067
1569
1062
1055
1051
1047
1043
1039
3075
1052
1048
1040
1036
1032
1024
1605
1610
1541
1571
1045
1601
1577
1573
1030
1539
1083
1546
1079
1075
1071
1067
1063
3107
1543
1079
1075
1032
1537
1028
1610
1080
1600
1576
1572
1544
1057
1606
1071
1067
1569
1062
1055
1051
1047
1043
1039
3075
1076
1072
1068
1064
1052
1048
1044
1040
1036
1028
1024
1537
1610
1035
1057
1606
1603
1569
1062
1579
1575
1547
1543
3131
1052
1048
1040
1036
1032
1024
1577
1030
1045
1571
1545
1609
1605
1601
1574
1539
1083
1542
1079
1075
1071
1067
1063
3107
1079
1075
1056
1065
1030
1044
1608
1604
1568
1544
1540
1080
1601
1574
1071
1577
1538
1063
1037
1055
1051
1043
1035
3075
1543
1079
1075
1056
1601
1030
1071
1044
1577
1080
1608
1604
1568
1544
1573
1538
1063
1055
1037
1066
1051
1043
1035
3075
1575
1539
1568
1045
1030
1544
1601
1083
1064
1608
1604
1576
1033
1542
1079
1037
1062
1075
1071
1059
1055
1051
1043
3075
1579
1575
1547
1060
1033
1538
1543
1568
1601
1068
1608
1604
1065
1058
1083
1079
1075
1038
1055
1051
1047
1043
1031
3075
0
1031
1611
1607
1060
1033
1538
1579
1575
1568
1601
1547
1080
1058
1068
1065
1543
1079
1038
1075
1055
1051
1047
1043
3075
1611
1607
1579
1544
1601
1030
1575
1540
1033
1062
1539
1064
1037
1080
1046
1079
1569
1075
1071
1059
1055
1051
1043
3075
1611
1607
1579
1575
1060
1033
1538
1547
1543
1568
1601
1080
1058
1068
1079
1028
1065
1038
1075
1055
1051
1047
1043
3075
1607
1579
1575
1547
1060
1033
1538
1543
1079
1568
1601
1080
1058
1068
1608
1065
1075
1038
1055
1051
1047
1043
1031
3075
1052
1048
1040
1036
1032
1024
1573
1578
1045
1571
1541
1609
1605
1601
1546
1539
1083
1030
1079
1075
1071
1067
1063
3107
1543
1079
1075
1056
1601
1030
1071
1044
1577
1080
1608
1604
1568
1544
1573
1538
1063
1055
1037
1066
1051
1043
1035
3075
1079
1075
1056
1065
1030
1044
1608
1604
1568
1544
1540
1080
1601
1578
1071
1573
1538
1063
1037
1055
1051
1043
1035
3075
1611
1607
1579
1544
1601
1030
1575
1540
1033
1062
1539
1064
1037
1080
1046
1079
1569
1075
1071
1059
1055
1051
1043
3075
1607
1579
1575
1547
1060
1033
1538
1543
1079
1568
1601
1080
1058
1068
1608
1065
1075
1038
1055
1051
1047
1043
1031
3075
1611
1607
1579
1575
1060
1033
1538
1547
1543
1568
1601
1080
1058
1068
1079
1028
1065
1038
1075
1055
1051
1047
1043
3075
1575
1539
1568
1045
1030
1540
1601
1083
1064
1608
1604
1576
1033
1546
1079
1037
1062
1075
1071
1059
1055
1051
1043
3075
0
1031
1611
1607
1060
1033
1538
1579
1575
1568
1601
1547
1080
1058
1068
1065
1543
1079
1038
1075
1055
1051
1047
1043
3075
1579
1575
1547
1060
1033
1538
1543
1568
1601
1068
1608
1604
1065
1058
1083
1079
1075
1038
1055
1051
1047
1043
1031
3075
1579
1575
1547
1060
1033
1538
1543
1568
1601
1068
1608
1604
1065
1058
1083
1079
1075
1038
1055
1051
1047
1043
1031
3075
0
0
0
0
0
0
0
0
0
0
0
0
0
0
0
0
0
0
0
0
0
0
0
0
0
0
0
0
0
0
0
0
0
0
0
0
0
0
0
0
0
0
0
0
0
0
0
0
0
0
0
0
0
0
0
0
0
0
0
0
0
0
0
0
0
0
0
0
0
0
0
0
0
0
0
0
0
0
0
0
0
0
0
0
0
0
0
0
0
0
0
0
0
0
0
0
0
0
0
0
0
0
0
0
0
0
0
0
0
0
0
0
0
0
0
0
0
0
0
0
0
0
0
0
0
0
0
0
0
0
0
0
0
0
0
0
0
0
0
0
0
0
0
0
0
0
0
0
0
0
0
0
0
0
0
0
0
0
0
0
0
0
0
0
0
0
0
0
0
0
0
0
0
0
0
0
0
0
0
0
0
0
0
0
0
0
0
0
0
0
0
0
0
0
0
0
0
0
0
0
0
0
0
0
0
0
0
0
0
0
0
0
0
0
0
0
0
0
0
0
0
0
0
0
0
0
0
0
0
0
0
0
0
0
0
0
0
0
0
0
0
0
0
0
0
0
0
0
0
0
0
0
0
0
0
0
0
0
0
0
0
0
0
0
0
0
0
0
0
0
0
0
0
0
0
0
0
0
0
0
0
0
0
0
0
0
0
0
0
0
0
0
0
0
0
0
0
0
0
0
0
0
0
0
0
0
0
0
0
0
0
0
0
0
0
0
0
0
0
0
0
0
0
0
0
0
0
0
0
0
0
0
0
0
0
0
0
0
0
0
0
0
0
0
0
0
0
0
0
0
0
0
0
0
0
0
0
0
0
0
0
0
0
0
0
0
0
0
0
0
0
0
0
0
0
0
0
0
0
0
0
0
0
0
0
0
0
0
0
0
0
0
0
0
0
0
0
0
0
0
0
0
0
0
0
0
0
0
0
0
0
0
0
0
0
0
0
0
0
0
0
0
0
0
0
0
0
0
0
0
0
0
0
0
0
0
0
0
0
0
0
0
0
0
0
0
0
0
0
0
0
0
0
0
0
0
0
0
0
0
0
0
0
0
0
0
0
0
0
0
0
0
0
0
0
0
0
0
0
0
0
0
0
0
0
0
0
0
0
0
0
0
0
0
0
0
0
0
0
0
0
0
0
0
0
0
0
0
0
0
0
0
0
0
0
0
0
0
0
0
0
0
0
0
0
0
0
0
0
0
0
0
0
0
0
0
0
0
0
0
0
0
0
0
0
0
0
0
0
0
0
0
0
0
0
0
0
0
0
0
0
0
0
0
0
0
0
0
0
0
0
0
0
0
0
0
0
0
0
0
0
0
0
0
0
0
0
0
0
0
0
0
0
0
0
0
0
0
0
0
0
0
0
0
0
0
0
0
0
0
0
0
0
0
0
0
0
0
0
0
0
0
0
0
0
0
0
0
0
0
0
0
0
0
0
0
0
0
0
0
0
0
0
0
0
0
0
0
0
0
0
0
0
0
0
0
0
0
0
0
0
0
0
0
0
0
0
0
0
0
0
0
0
0
0
0
0
0
0
0
0
0
0
0
0
0
0
0
0
0
0
0
0
0
0
0
0
0
0
0
0
0
0
0
0
0
0
0
0
0
0
0
0
0
0
0
0
0
0
0
0
0
0
0
0
0
0
0
0
0
0
0
0
0
0
0
0
0
0
0
0
0
0
0
0
0
0
0
0
0
0
0
0
0
0
0
0
0
0
0
0
0
0
0
0
0
0
0
0
0
0
0
0
0
0
0
0
0
0
0
0
0
0
0
0
0
0
0
0
0
0
0
0
0
0
0
0
0
0
0
0
0
0
0
0
0
0
0
0
0
0
0
0
0
0
0
0
0
0
0
0
0
0
0
0
0
0
0
0
0
0
0
0
0
0
0
0
0
0
0
0
0
0
0
0
0
0
0
0
0
0
0
0
0
0
0
0
0
0
0
0
0
0
0
0
0
0
0
0
0
0
0
0
0
0
0
0
0
0
0
0
0
0
0
0
0
0
0
0
0
0
0
0
0
0
0
0
0
0
0
0
0
0
0
0
0
0
0
0
0
0
0
0
0
0
0
0
0
0
0
0
0
0
0
0
0
0
0
0
0
0
0
0
0
0
0
0
0
0
0
0
0
0
0
0
0
0
0
0
0
0
0
0
0
0
0
0
0
0
0
0
0
0
0
0
0
0
0
0
0
0
0
0
0
0
0
0
0
0
0
0
0
0
0
0
0
0
0
0
0
0
0
0
0
0
0
0
0
0
0
0
0
0
0
0
0
0
0
0
0
0
0
0
0
0
0
0
0
0
0
0
0
0
0
0
0
0
0
0
0
0
0
0
0
0
0
0
0
0
0
0
0
0
0
0
0
0
0
0
0
0
0
0
0
0
0
0
0
0
0
0
0
0
0
0
0
0
0
0
0
0
0
0
0
0
0
0
0
0
0
0
0
0
0
0
0
0
0
0
0
0
0
0
0
0
0
0
0
0
0
0
0
0
0
0
0
0
0
0
0
0
0
0
0
0
0
0
0
0
0
0
0
0
0
0
0
0
0
0
0
0
0
0
0
0
0
0
0
0
0
0
0
0
0
0
0
0
0
0
0
0
0
0
0
0
0
0
0
0
0
0
0
0
0
0
0
0
0
0
0
0
0
0
0
0
0
0
0
0
0
0
0
0
0
0
0
0
0
0
0
0
0
0
0
0
0
0
0
0
0
0
0
0
0
0
0
0
0
0
0
0
0
0
0
0
0
0
0
0
0
0
0
0
0
0
0
0
0
0
0
0
0
0
0
0
0
0
0
0
0
0
0
0
0
0
0
0
0
0
0
0
0
0
0
0
0
0
0
0
0
0
0
0
0
0
0
0
0
0
0
0
0
0
0
0
0
0
0
0
0
0
0
0
0
0
0
0
0
0
0
0
0
0
0
0
0
0
0
0
0
0
0
0
0
0
0
0
0
0
0
0
0
0
0
0
0
0
0
0
0
0
0
0
0
0
0
0
0
0
0
0
0
0
0
0
0
0
0
0
0
0
0
0
0
0
0
0
0
0
0
0
0
0
0
0
0
0
0
0
0
0
0
0
0
0
0
0
0
0
0
0
0
0
0
0
0
0
0
0
0
0
0
0
0
0
0
0
0
0
0
0
0
0
0
0
0
0
0
0
0
0
0
0
0
0
0
0
0
0
0
0
0
0
0
0
0
0
0
0
0
0
0
0
0
0
0
0
0
0
0
0
0
0
0
0
0
0
0
0
0
0
0
0
0
0
0
0
0
0
0
0
0
0
0
0
0
0
0
0
0
0
0
0
0
0
0
0
0
0
0
0
0
0
0
0
0
0
0
0
0
0
0
0
0
0
0
0
0
0
0
0
0
0
0
0
0
0
0
0
0
0
0
0
0
0
0
0
0
0
0
0
0
0
0
0
0
0
0
0
0
0
0
0
0
0
0
0
0
0
0
0
0
0
0
0
0
0
0
0
0
0
0
0
0
0
0
0
0
0
0
0
0
0
0
0
0
0
0
0
0
0
0
0
0
0
0
0
0
0
0
0
0
0
0
0
0
0
0
0
0
0
0
0
0
0
0
0
0
0
0
0
0
0
0
0
0
0
0
0
0
0
0
0
0
0
0
0
0
0
0
0
0
0
0
0
0
0
0
0
0
0
0
0
0
0
0
0
0
0
0
0
0
0
0
0
0
0
0
0
0
0
0
0
0
0
0
0
0
0
0
0
0
0
0
0
0
0
0
0
0
0
0
0
0
0
0
0
0
0
0
0
0
0
0
0
0
0
0
0
0
0
0
0
0
0
0
0
0
0
0
0
0
0
0
0
0
0
0
0
0
0
0
0
0
0
0
0
0
0
0
0
0
0
0
0
0
0
0
0
0
0
0
0
0
0
0
0
0
0
0
0
0
0
0
0
0
0
0
0
0
0
0
0
0
0
0
0
0
0
0
0
0
0
0
0
0
0
0
0
0
0
0
0
0
0
0
0
0
0
0
0
0
0
0
0
0
0
0
0
0
0
0
0
0
0
0
0
0
0
0
0
0
0
0
0
0
0
0
0
0
0
0
0
0
0
0
0
0
0
0
0
0
0
0
0
0
0
0
0
0
0
0
0
0
0
0
0
0
0
0
0
0
0
0
0
0
0
0
0
0
0
0
0
0
0
0
0
0
0
0
0
0
0
0
0
0
0
0
0
0
0
0
0
0
0
0
0
0
0
0
0
0
0
0
0
0
0
0
0
0
0
0
0
0
0
0
0
0
0
0
0
0
0
0
0
0
0
0
0
0
0
0
0
0
0
0
0
0
0
0
0
0
0
0
0
0
0
0
0
0
0
0
0
0
0
0
0
0
0
0
0
0
0
0
0
0
0
0
0
0
0
0
0
0
0
0
0
0
0
0
0
0
0
0
0
0
0
0
0
0
0
0
0
0
0
0
0
0
0
0
0
0
0
0
0
0
0
0
0
0
0
0
0
0
0
0
0
0
0
0
0
0
0
0
0
0
0
0
0
0
0
0
0
0
0
0
0
0
0
0
0
0
0
0
0
0
0
0
0
0
0
0
0
0
0
0
0
0
0
0
0
0
0
0
0
0
0
0
0
0
0
0
0
0
0
0
0
0
0
0
0
0
0
0
0
0
0
0
0
0
0
0
0
0
0
0
0
0
0
0
0
0
0
0
0
0
0
0
0
0
0
0
0
0
0
0
0
0
0
0
0
0
0
0
0
0
0
0
0
0
0
0
0
0
0
0
0
0
0
0
0
0
0
0
0
0
0
0
0
0
0
0
0
0
0
0
0
0
0
0
0
0
0
0
0
0
0
0
0
0
0
0
0
0
0
0
0
0
0
0
0
0
0
0
0
0
0
0
0
0
0
0
0
0
0
0
0
0
0
0
0
0
0
0
0
0
0
0
0
0
0
0
0
0
0
0
0
0
0
0
0
0
0
0
0
0
0
0
0
0
0
0
0
0
0
0
0
0
0
0
0
0
0
0
0
0
0
0
0
0
0
0
0
0
0
0
0
0
0
0
0
0
0
0
0
0
0
0
0
0
0
0
0
0
0
0
0
0
0
0
0
0
0
0
0
0
0
0
0
0
0
0
0
0
0
0
0
0
0
0
0
0
0
0
0
0
0
0
0
0
0
0
0
0
0
0
0
0
0
0
0
0
0
0
0
0
0
0
0
0
0
0
0
0
0
0
0
0
0
0
0
0
0
0
0
0
0
0
0
0
0
0
0
0
0
0
0
0
0
0
0
0
0
0
0
0
0
0
0
0
0
0
0
0
0
0
0
0
0
0
0
0
0
0
0
0
0
0
0
0
0
0
0
0
0
0
0
0
0
0
0
0
0
0
0
0
0
0
0
0
0
0
0
0
0
0
0
0
0
0
0
0
0
0
0
0
0
0
0
0
0
0
0
0
0
0
0
0
0
0
0
0
0
0
0
0
0
0
0
0
0
0
0
0
0
0
0
0
0
0
0
0
0
0
0
0
0
0
0
0
0
0
0
0
0
0
0
0
0
0
0
0
0
0
0
0
0
0
0
0
0
0
0
0
0
0
0
0
0
0
0
0
0
0
0
0
0
0
0
0
0
0
0
0
0
0
0
0
0
0
0
0
0
0
0
0
0
0
0
0
0
0
0
0
0
0
0
0
0
0
0
0
0
0
0
0
0
0
0
0
0
0
0
0
0
0
0
0
0
0
0
0
0
0
0
0
0
0
0
0
0
0
0
0
0
0
0
0
0
0
0
0
0
0
0
0
0
0
0
0
0
0
0
0
0
0
0
0
0
0
0
0
0
0
0
0
0
0
0
0
0
0
0
0
0
0
0
0
0
0
0
0
0
0
0
0
0
0
0
0
0
0
0
0
0
0
0
0
0
0
0
0
0
0
0
0
0
0
0
0
0
0
0
0
0
0
0
0
0
0
0
0
0
0
0
0
0
0
0
0
0
0
0
0
0
0
0
0
0
0
0
0
0
0
0
0
0
0
0
0
0
0
0
0
0
0
0
0
0
0
0
0
0
0
0
0
0
0
0
0
0
0
0
0
0
0
0
0
0
0
0
0
0
0
0
0
0
0
0
0
0
0
